0.00172043
0.00993752
0.0103507
0.00974393
0.00999141
0.0100014
0.0100913
0.00997829
0.0100734
0.00986743
0.0101328
0.0101616
0.0108402
0.00902772
0.0101025
0.0096736
0.0100462
0.00997615
0.0100052
0.0100381
0.00999212
0.0099175
0.00999832
0.0101857
0.00992036
0.00997806
0.0100391
0.00997758
0.00999379
0.009969
0.0100145
0.0100315
0.0101624
0.00979161
0.0100055
0.0101056
0.00992703
0.0100796
0.0100098
0.00990796
0.0100138
0.0101385
0.0100703
0.00971818
0.0103769
0.00961113
0.0101032
0.0105166
0.00976539
0.00968337
0.0100017
0.00997114
0.0100031
0.00998425
0.010016
0.00999641
0.0101268
0.0102122
0.00972986
0.00997949
0.00996923
0.0100062
0.010699
0.0122154
0.00756717
0.00942636
0.0101371
0.0100756
0.0100367
0.00998139
0.00997758
0.00990534
0.0102177
0.00982833
0.00991273
0.0101514
0.00996757
0.00998974
0.0099566
0.0100491
0.00991607
0.0100887
0.00993228
0.00995517
0.0147326
0.00547194
0.0100045
0.00987887
0.00993729
0.0100811
0.00993514
0.00998235
0.0100443
0.0100338
0.00990462
0.010026
0.0100062
0.0105085
0.00975251
0.00987077
0.00980592
0.010128
0.0102942
0.00968122
0.0145938
0.0053308
0.0101163
0.00994921
0.010005
0.00996184
0.0100205
0.00998116
0.0100422
0.0100131
0.0100625
0.00995779
0.0100374
0.0099721
0.00994492
0.0101328
0.00991726
0.00994873
0.0100183
0.00999308
0.009969
0.00996089
0.0101211
0.00989366
0.010026
0.00994062
0.00996518
0.0100827
0.0100386
0.00991917
0.00994968
0.0101547
0.0100639
0.010071
0.00998473
0.0100739
0.00972867
0.0105159
0.00960541
0.00980234
0.0100858
0.0103593
0.00958753
0.0101311
0.00987744
0.0101025
0.00993419
0.0100062
0.0100017
0.00999975
0.0100131
0.0100329
0.0100226
0.0101018
0.0100858
0.00996542
0.00986552
0.0101824
0.0135753
0.0061481
0.00997782
0.0104756
0.0261984
0.00201035
0.026298
0.00205994
0.00145578
0.0399144
0.00142646
0.00128627
0.0012424
0.002177
0.00555539
0.0100524
0.00997686
0.00998569
0.00993538
0.0101275
0.00989199
0.0100365
0.00997972
0.00998831
0.0100772
0.00993085
0.0102055
0.010061
0.0102324
0.00999045
0.00966835
0.00989795
0.00995493
0.0101228
0.00983667
0.010376
0.0104172
0.00926065
0.00997686
0.0100234
0.00998259
0.00997543
0.0100262
0.010016
0.0100009
0.010303
0.00979042
0.00990891
0.0100827
0.0098753
0.0100603
0.00998473
0.00996828
0.0100102
0.0104222
0.00961018
0.00996518
0.0100417
0.0100586
0.00998735
0.00979948
0.0100238
0.00993824
0.0101995
0.00985122
0.0100913
0.00998402
0.0100172
0.0101936
0.0102162
0.00977111
0.00976467
0.010227
0.0103233
0.00962591
0.0100355
0.00989294
0.0100691
0.0101225
0.00978279
0.00987625
0.0100169
0.0100684
0.0101228
0.00981021
0.00997829
0.0100393
0.0100491
0.0099628
0.0100806
0.00991344
0.00997353
0.0100887
0.00991726
0.0100884
0.0099256
0.010092
0.010078
0.00991178
0.0100393
0.0118799
0.00808454
0.00993729
0.00997925
0.0101068
0.0100121
0.0100718
0.00988626
0.0100558
0.00986934
0.0101273
0.00995898
0.00994539
0.0100908
0.00989747
0.00998378
0.0100729
0.00998497
0.00996828
0.0101199
0.0098536
0.0100334
0.0100937
0.00994658
0.0101166
0.0101562
0.0100522
0.00970912
0.00997114
0.0100613
0.010083
0.00994253
0.0101886
0.0100813
0.00965047
0.0102818
0.0106885
0.00907922
0.00987577
0.0104582
0.00983953
0.00981951
0.00990057
0.0100455
0.0100162
0.00991488
0.00990629
0.0100679
0.0100522
0.0100253
0.00989819
0.00999928
0.0101848
0.00981212
0.0100808
0.00987315
0.0100799
0.00997162
0.010396
0.00992084
0.00973463
0.0100877
0.00990558
0.0100493
0.00988913
0.0103154
0.00993681
0.00987554
0.0099988
0.0100074
0.0098958
0.0100291
0.0100849
0.010025
0.00990558
0.0101135
0.00989723
0.0101805
0.0098331
0.00990105
0.00995541
0.0100794
0.0101757
0.010041
0.00981498
0.0100923
0.00989032
0.0100794
0.00991082
0.00994754
0.0100858
0.0100226
0.0148149
0.00539923
0.00983
0.0101357
0.00988197
0.00991106
0.0100787
0.0100462
0.0439076
0.00149989
0.00124598
0.00203609
0.0381825
0.00139594
0.00226545
0.00269032
0.00213099
0.00509405
0.0102022
0.00936508
0.00993896
0.0100167
0.010087
0.0100906
0.00979137
0.0100162
0.0102465
0.0097909
0.00993395
0.0100031
0.00994587
0.0100522
0.0101385
0.00991511
0.00990582
0.0100248
0.0100572
0.00996232
0.00996804
0.0101225
0.00985432
0.0101888
0.0100057
0.0104046
0.0100636
0.00956488
0.0103369
0.0100269
0.00995588
0.00978303
0.00969243
0.0100167
0.00996804
0.0100615
0.00985575
0.00999832
0.0100906
0.00991797
0.0100532
0.00998569
0.0100539
0.0100551
0.00998616
0.0100927
0.0101249
0.00980234
0.0100079
0.00998497
0.0101402
0.00969863
0.0101228
0.00987291
0.0101507
0.0101447
0.00982285
0.0100133
0.00998783
0.00993347
0.0100212
0.00999427
0.0144353
0.00567079
0.00991702
0.00995421
0.0101995
0.0098846
0.00991511
0.0100319
0.0100052
0.00999498
0.0144582
0.00552702
0.0100203
0.00997376
0.0103378
0.00966144
0.00994539
0.0101144
0.0102563
0.00984931
0.00978136
0.0100584
0.0100551
0.0102048
0.00983429
0.0101624
0.00984335
0.00986528
0.0118191
0.0081737
0.0100389
0.00996208
0.0303323
0.00140452
0.00128007
0.0407758
0.00128126
0.0012629
0.00121498
0.00291109
0.00955606
0.0100868
0.00992203
0.0104272
0.00984645
0.00982547
0.0100474
0.00985718
0.0100257
0.00996304
0.00998878
0.0101135
0.0100462
0.00983858
0.010062
0.00992274
0.0100543
0.0100114
0.0100143
0.0099926
0.00995231
0.0100954
0.00994515
0.00994039
0.0100379
0.01002
0.0103412
0.0101576
0.00971985
0.00973463
0.0101054
0.009938
0.00998616
0.0101204
0.0104873
0.00940108
0.0100152
0.0103095
0.00994349
0.00970745
0.0100875
0.0100381
0.0100858
0.00990582
0.0102165
0.00980973
0.0100107
0.0100267
0.0101421
0.00974703
0.00994325
0.0105948
0.00947452
0.0102458
0.00996709
0.00998664
0.00970769
0.0101423
0.00985622
0.0100234
0.010026
0.0101533
0.00990438
0.0100639
0.0100796
0.00987864
0.00991178
0.0100808
0.0100713
0.00990462
0.0099535
0.00993729
0.00999451
0.0101199
0.00998878
0.010031
0.010005
0.0103204
0.0103743
0.00928354
0.0101879
0.00966668
0.0101666
0.00997376
0.00997305
0.0100191
0.0100405
0.0100393
0.0117273
0.00854778
0.00953007
0.0100396
0.0100706
0.0103691
0.0106437
0.00900531
0.00996351
0.0100718
0.00994229
0.0102775
0.00983238
0.010323
0.00963879
0.0104392
0.00974441
0.00977445
0.00988102
0.0101104
0.00998402
0.0100462
0.0101438
0.0097158
0.0103822
0.00972795
0.0100656
0.0100172
0.00982761
0.00994563
0.0100186
0.0101554
0.00983524
0.0100222
0.0100272
0.0102491
0.00982022
0.00991964
0.0100415
0.00987101
0.0100379
0.0103891
0.00999689
0.00988007
0.00982666
0.00994515
0.0102949
0.00982761
0.00997734
0.00991058
0.0100095
0.0100763
0.00996065
0.0100603
0.0100389
0.00996804
0.0100243
0.0100391
0.0100307
0.0099442
0.0100629
0.00983262
0.00998664
0.0104921
0.0094707
0.0106034
0.0102456
0.00930333
0.00997758
0.00990343
0.0101781
0.00986338
0.0100012
0.0101259
0.00986576
0.0100627
0.0100513
0.00998116
0.00990319
0.00989294
0.0100543
0.0100787
0.0100157
0.00996971
0.0101287
0.00981379
0.0100658
0.0100069
0.0100183
0.00991201
0.00999403
0.0101063
0.00995398
0.00997043
0.0103152
0.00971413
0.0100393
0.0100775
0.00992537
0.0100029
0.0120046
0.00799417
0.00994444
0.00997877
0.0270479
0.00228024
0.0282896
0.00211859
0.00142717
0.0402794
0.00200438
0.00152373
0.00182581
0.0021255
0.00167632
0.00974107
0.00980234
0.00999308
0.00987124
0.0101151
0.0106485
0.00939679
0.0100653
0.00982213
0.0101614
0.00990677
0.0105689
0.00950122
0.00986528
0.0100255
0.00997472
0.00999784
0.00996709
0.0100777
0.00987959
0.010133
0.0106556
0.00951457
0.00983596
0.00997519
0.00986409
0.0101597
0.00991535
0.0100684
0.00989532
0.0100567
0.0103679
0.00974965
0.00984049
0.0100226
0.00991893
0.0101061
0.0146804
0.00536633
0.0100017
0.01018
0.00985813
0.0100396
0.0101261
0.00968671
0.00991488
0.0100212
0.0100377
0.0100923
0.00998878
0.0100214
0.0101643
0.0100989
0.00961161
0.0101037
0.00994325
0.0100651
0.00999475
0.0100942
0.00989246
0.00995421
0.0102928
0.00984693
0.00987697
0.00996161
0.00997782
0.0100894
0.0100191
0.00999498
0.00992393
0.0106201
0.00988626
0.00965357
0.0100508
0.00978732
0.0100288
0.0100362
0.00996757
0.0100718
0.010036
0.0101037
0.0101168
0.00986242
0.0102563
0.00973916
0.01192
0.00793314
0.00999236
0.0100648
0.0099225
0.0101802
0.00991416
0.0100412
0.0099349
0.0101714
0.00979805
0.0100739
0.00999331
0.0100088
0.00995183
0.0099957
0.0102212
0.00988221
0.0099504
0.0100238
0.00982976
0.0102112
0.00985599
0.0100036
0.0101123
0.00985575
0.0103436
0.00981069
0.0098536
0.00991631
0.0102108
0.00995827
0.0100548
0.00997949
0.00991344
0.0101602
0.00991988
0.0100098
0.0098958
0.00992632
0.0100613
0.0101569
0.00992608
0.00992036
0.0100322
0.0099926
0.0102286
0.00991917
0.00984502
0.00997734
0.0103371
0.00986123
0.00990081
0.00993848
0.010072
0.00999284
0.0100565
0.00998092
0.0102761
0.00976896
0.00976658
0.0102098
0.00989056
0.0100279
0.00995994
0.010154
0.00985694
0.0100119
0.0100203
0.010077
0.0100825
0.0100539
0.00979567
0.0100465
0.00995731
0.01001
0.0100961
0.00985789
0.00991535
0.0100899
0.00987387
0.0101511
0.00989294
0.0100224
0.00998187
0.010119
0.00995064
0.0100467
0.00984597
0.0103252
0.0100317
0.00963616
0.0102003
0.00985551
0.00990486
0.0102308
0.00992966
0.00997639
0.00999594
0.0100391
0.00997782
0.0100627
0.0125747
0.00731802
0.00992656
0.0102756
0.00983262
0.00999308
0.0100348
0.00996065
0.00999212
0.0100615
0.00994468
0.0101836
0.0098083
0.0101414
0.00992775
0.010006
0.00988722
0.0101113
0.00985646
0.0101178
0.00998521
0.0100343
0.0100653
0.00987434
0.00998354
0.0100875
0.009902
0.00999188
0.00992322
0.0100791
0.0101683
0.00994134
0.0100989
0.0099442
0.0101259
0.0098381
0.00990772
0.00993252
0.0100636
0.010082
0.0099864
0.00999904
0.00993633
0.0100014
0.0100181
0.0100904
0.00991535
0.0100455
0.00997233
0.0100636
0.00992775
0.0100582
0.0101254
0.00998831
0.00984883
0.0100291
0.0102341
0.00973034
0.00996089
0.0100317
0.00996447
0.00999045
0.00995111
0.0101469
0.00990939
0.0100806
0.00989914
0.0100825
0.00987005
0.0101123
0.0152657
0.00486875
0.00988817
0.0103264
0.00964141
0.00994086
0.0100627
0.00997877
0.0100033
0.0100102
0.0100014
0.0100064
0.00983596
0.0102394
0.00996256
0.00996089
0.0100124
0.00987172
0.0101633
0.00995564
0.00999665
0.0106378
0.00943208
0.0102453
0.0103106
0.00941706
0.00998044
0.0119252
0.00797105
0.0100265
0.00994754
0.0100577
0.00996518
0.0100033
0.0104427
0.0096364
0.0100112
0.00990963
0.0100286
0.0100076
0.0100181
0.00998211
0.00993872
0.0102124
0.00993466
0.010062
0.00979447
0.0100329
0.00989652
0.0100582
0.0099864
0.0101078
0.010144
0.00980783
0.0100331
0.0100744
0.0098865
0.0100336
0.00997043
0.0100636
0.00989342
0.00996685
0.0100873
0.0100965
0.00997019
0.00998592
0.0100241
0.00981283
0.0100124
0.0100775
0.010042
0.00998402
0.010025
0.0100262
0.0101554
0.00984335
0.00994563
0.010087
0.00989795
0.00994182
0.0100772
0.0100121
0.0100236
0.0100765
0.00994706
0.0100701
0.0102634
0.0100558
0.00953674
0.0100591
0.00997925
0.00999427
0.0099721
0.0102019
0.00970173
0.0101755
0.00990772
0.0100107
0.0100112
0.00991988
0.00998187
0.0101645
0.0111732
0.00924468
0.0103025
0.0092814
0.00993562
0.0101728
0.00982213
0.0100493
0.0099566
0.010098
0.00991631
0.0101833
0.00976968
0.0100989
0.00988507
0.0101032
0.01002
0.00996113
0.00999379
0.0100508
0.0100596
0.0100534
0.00982141
0.0101454
0.00969982
0.00998139
0.0111804
0.00870347
0.010004
0.0364256
0.000859976
0.001652
0.0382934
0.00158215
0.00150633
0.00187778
0.0387664
0.00150228
0.00148344
0.00231624
0.00140262
0.00380754
0.00988936
0.00987434
0.00987053
0.00996304
0.0100763
0.0101635
0.00986528
0.0100319
0.0101697
0.0100245
0.00981116
0.0100284
0.0100064
0.00994706
0.0100069
0.00999141
0.0100245
0.0100672
0.00995469
0.0100665
0.009902
0.0101111
0.00984311
0.0100691
0.00996017
0.0100148
0.0101011
0.00990295
0.00997663
0.0100372
0.0103469
0.00967383
0.00995493
0.00996399
0.0100365
0.0100386
0.00998998
0.0101171
0.00986719
0.0101945
0.0098002
0.0100918
0.0102923
0.00955296
0.00996852
0.0100815
0.0146117
0.00545955
0.00980735
0.0100446
0.0100265
0.0100873
0.00993156
0.0100598
0.00987148
0.0100813
0.00984621
0.0102639
0.00989127
0.0100904
0.00998569
0.00997806
0.0100431
0.0103209
0.0100758
0.00948381
0.0100179
0.0100431
0.0100169
0.00991988
0.00994325
0.0100191
0.0100687
0.00996423
0.00997186
0.0100625
0.00998068
0.0100286
0.0102501
0.00981903
0.00994635
0.0101299
0.00992393
0.0100281
0.0120609
0.00777602
0.0100403
0.0100534
0.0100689
0.0102465
0.00994277
0.0097487
0.00997686
0.0099411
0.0100052
0.010165
0.00995684
0.0100574
0.0101333
0.00983739
0.0100093
0.00997114
0.0098722
0.0101159
0.00992036
0.0101104
0.0150528
0.00492215
0.0100729
0.00990915
0.0102177
0.00981903
0.0099957
0.0100479
0.00982809
0.0100784
0.010155
0.00986362
0.0099194
0.0100403
0.0101025
0.00998831
0.00994015
0.0102015
0.0100889
0.0097723
0.00985837
0.0108607
0.00931501
0.0100396
0.0102866
0.00967717
0.0100467
0.00992584
0.0101988
0.00969124
0.00997019
0.0101166
0.00994301
0.0100574
0.0099268
0.0100408
0.0101151
0.00970864
0.0100057
0.0101657
0.00985909
0.00998044
0.00999475
0.0101945
0.0101874
0.0098815
0.00983167
0.0101144
0.00984716
0.0100293
0.0100238
0.0101042
0.00991273
0.0101318
0.00995564
0.00996184
0.00993061
0.0100501
0.0100725
0.00980687
0.00995111
0.0101414
0.00993896
0.0100999
0.00987434
0.0100701
0.0100722
0.00990295
0.0100017
0.0100386
0.00995207
0.0106144
0.00953579
0.0102069
0.0100467
0.00964284
0.010026
0.00999284
0.0119367
0.008008
0.0100434
0.00998211
0.010026
0.0101504
0.00987697
0.0100262
0.00988293
0.0101442
0.0099299
0.00995636
0.0102022
0.00989318
0.00995421
0.00999999
0.00995517
0.0100329
0.0103471
0.00958323
0.0100105
0.0100987
0.00989795
0.0101011
0.0100815
0.010123
0.0097661
0.0100627
0.00994492
0.00998092
0.0100503
0.00999308
0.00995636
0.0100083
0.00996113
0.0102639
0.00984931
0.0100489
0.00980878
0.010102
0.00992179
0.0101042
0.00999379
0.00996518
0.0100031
0.0101619
0.00979066
0.0100071
0.00999069
0.0100386
0.00986123
0.0101562
0.00986481
0.0101776
0.00992298
0.0103247
0.0103817
0.0093472
0.00990772
0.0101359
0.00978303
0.00998592
0.00995898
0.0107529
0.0095365
0.0101359
0.0102868
0.00944257
0.00998235
0.0100114
0.0101733
0.00989127
0.0100572
0.0100107
0.00987363
0.0101368
0.00983167
0.0100641
0.00994968
0.00997829
0.00992227
0.0100777
0.0100214
0.0100074
0.0099051
0.0100946
0.0100036
0.0100238
0.0099647
0.00997591
0.0100198
0.010078
0.0100088
0.00993299
0.0102501
0.00986052
0.00999856
0.00993896
0.00997639
0.0100868
0.011873
0.0080173
0.00999045
0.010103
0.00989628
0.010076
0.0489171
0.00149465
0.00125694
0.0013299
0.0013392
0.00568771
0.00989485
0.0102279
0.00977802
0.0100679
0.0100129
0.0102437
0.00969911
0.0100546
0.00994682
0.0100529
0.0102484
0.0097363
0.0100501
0.00991368
0.0100448
0.0100286
0.00990415
0.0100524
0.00991797
0.0100849
0.0100412
0.0100284
0.0100007
0.0101314
0.0098753
0.00994277
0.010236
0.0097754
0.00994611
0.0101256
0.00987411
0.0100083
0.00994849
0.0100522
0.00996447
0.0100224
0.00998139
0.00994968
0.00996423
0.0101192
0.00996351
0.0100183
0.0099864
0.0102663
0.00977898
0.0100048
0.00997925
0.0101457
0.00986028
0.0101745
0.00974512
0.0100834
0.00996065
0.0100005
0.0100288
0.00998926
0.00993896
0.0100629
0.00991678
0.0100448
0.00996804
0.0101275
0.0102558
0.00985098
0.00989413
0.0101318
0.0108972
0.00900984
0.0102108
0.00967622
0.00999188
0.0100667
0.0099926
0.010113
0.00984645
0.0100374
0.0099082
0.0102756
0.0102365
0.00953817
0.00996995
0.010016
0.00998473
0.0102065
0.00997996
0.00986242
0.00990915
0.0120106
0.00794744
0.00998569
0.0100036
0.0101326
0.00999546
0.0100455
0.00990963
0.0101175
0.0218596
0.000545263
0.0437748
0.0013411
0.00127602
0.00204635
0.00162506
0.00793695
0.0101528
0.0100605
0.00978208
0.0100772
0.0100014
0.00993109
0.009969
0.010025
0.0101688
0.00992107
0.0100632
0.0100605
0.00980783
0.00992203
0.00997543
0.010005
0.0101449
0.00997329
0.0101988
0.00977612
0.0102341
0.00993633
0.00993896
0.0098958
0.00996542
0.00999141
0.0099535
0.0100946
0.00991201
0.0100965
0.01003
0.0099237
0.0100155
0.00997853
0.0100439
0.0100136
0.0100203
0.0100846
0.00998831
0.0100214
0.00990176
0.0100615
0.0100534
0.0102038
0.00955725
0.010154
0.0100014
0.0100083
0.00991464
0.0102224
0.00994754
0.00991011
0.00995493
0.0100844
0.00983834
0.0101202
0.00997496
0.0100689
0.00995851
0.0102816
0.00971031
0.0101323
0.0100942
0.00981832
0.0099566
0.00996041
0.0147533
0.00543427
0.00978827
0.00996709
0.0101044
0.0100029
0.00996447
0.00992084
0.0100036
0.0100491
0.00998807
0.00999522
0.010052
0.0100543
0.0100527
0.00997853
0.0100629
0.00999141
0.0118537
0.00801945
0.00995564
0.0100334
0.0102918
0.00989985
0.00988674
0.00998878
0.0101519
0.00995708
0.0102067
0.00976205
0.0100236
0.00991154
0.0100036
0.0100236
0.0099678
0.00997019
0.0100217
0.0100136
0.00985503
0.0103042
0.00980186
0.0100203
0.0101192
0.00985718
0.0099988
0.0100675
0.00998187
0.0100977
0.0100818
0.00973773
0.0100148
0.0100212
0.00997353
0.0101044
0.00995636
0.0100574
0.0098896
0.0100543
0.0099864
0.0100307
0.0100892
0.00986862
0.0100241
0.0100098
0.0100894
0.00985694
0.00998139
0.0100455
0.0100472
0.00993252
0.0099988
0.0100279
0.0100424
0.00994205
0.01003
0.00999832
0.0103376
0.00963259
0.0100272
0.00999045
0.00998044
0.0101256
0.00981879
0.0100017
0.00999236
0.00999403
0.0100751
0.0102096
0.00974226
0.0100591
0.00993252
0.0101426
0.00989962
0.0100708
0.0102806
0.00969052
0.0104709
0.00963521
0.0103664
0.00937581
0.0102789
0.00980186
0.0100329
0.00996804
0.00997949
0.0100362
0.00993896
0.0100408
0.0103095
0.00965238
0.0101511
0.0112457
0.00872278
0.0101581
0.00985336
0.0101993
0.00975752
0.0100462
0.0102677
0.0117636
0.00784278
0.0100722
0.0100415
0.0102377
0.00968623
0.0101316
0.00993943
0.00995541
0.00999546
0.0100281
0.0100141
0.00998187
0.00997615
0.0100915
0.00986505
0.0100837
0.0427158
0.00130177
0.00122261
0.00123167
0.0035584
0.0099349
0.0101299
0.00990438
0.0101197
0.00988793
0.00987911
0.0101733
0.0098536
0.0100522
0.0100236
0.0100038
0.0102854
0.00985408
0.00996852
0.00996017
0.00984502
0.0100522
0.0100982
0.00995064
0.00998116
0.00997829
0.00995183
0.0102577
0.00986123
0.0100913
0.00983572
0.00991106
0.0100536
0.0101016
0.00997019
0.0100121
0.0100181
0.00996327
0.0102181
0.00981903
0.0101917
0.00969172
0.0100336
0.0100172
0.00997996
0.0100334
0.00988698
0.0101774
0.0100865
0.0099473
0.00974798
0.0102696
0.009763
0.0100906
0.00999784
0.0100691
0.00987363
0.0100353
0.00997591
0.0100503
0.00993943
0.0100842
0.00991726
0.00999665
0.00993609
0.0101388
0.0099287
0.0100505
0.0102539
0.00976872
0.0100398
0.0098865
0.0100157
0.0100322
0.00994968
0.0100477
0.0100732
0.0101733
0.010082
0.00989485
0.00982976
0.0100603
0.0120602
0.00787592
0.0122161
0.00781727
0.00992942
0.0100391
0.0100036
0.00999951
0.00995731
0.0100601
0.0099113
0.0101171
0.00990319
0.0100203
0.00998211
0.0100696
0.0100236
0.0100231
0.0098815
0.0101354
0.0098455
0.0100274
0.0100505
0.0100179
0.0100746
0.00999427
0.0101533
0.0102713
0.00946188
0.00997877
0.0102458
0.0098362
0.0100172
0.00999784
0.00983858
0.0100832
0.0100424
0.0101187
0.0100055
0.00986385
0.00989056
0.010072
0.0100267
0.0103598
0.00962234
0.00996947
0.00997066
0.0101485
0.00984931
0.010067
0.00992131
0.0102036
0.0100317
0.0103202
0.00969219
0.00998378
0.010175
0.00984454
0.0111308
0.00857425
0.0100658
0.0100999
0.0142372
0.00579476
0.00987792
0.0100837
0.0102389
0.00977278
0.00995898
0.0100279
0.00989246
0.0101819
0.0098927
0.0100727
0.010103
0.00996089
0.0100546
0.00987267
0.00993299
0.0101936
0.0103619
0.00957441
0.00987363
0.010422
0.00954843
0.0101423
0.0104437
0.00940633
0.00997305
0.0101953
0.0101094
0.00971794
0.010119
0.0100563
0.0100057
0.0097847
0.0103869
0.00961542
0.00987482
0.0100789
0.0100875
0.00989199
0.0101964
0.0140667
0.00585175
0.0100133
0.00994015
0.0434804
0.0012989
0.00125289
0.00121832
0.00281334
0.010004
0.0101314
0.00986171
0.0100648
0.00991344
0.0100477
0.00993967
0.0100791
0.00996423
0.0100541
0.010114
0.00981474
0.0104299
0.00962663
0.0101316
0.00982547
0.0100019
0.0100057
0.0103526
0.009794
0.00999188
0.00986171
0.0100906
0.00996685
0.00989985
0.0101919
0.00980949
0.0100222
0.0103886
0.00967526
0.0101843
0.0100434
0.00978971
0.0100555
0.00992298
0.0100231
0.00991893
0.0100946
0.0100732
0.0100257
0.00982404
0.0104854
0.00957251
0.0101199
0.00983906
0.0100443
0.0102699
0.00974226
0.0100193
0.00993061
0.0099895
0.00994158
0.00994682
0.0102608
0.0103879
0.00979376
0.00976062
0.00987792
0.0100121
0.0102949
0.00977182
0.00998926
0.00996089
0.0102355
0.00981879
0.00993943
0.00993586
0.0100839
0.0100081
0.0100026
0.00995016
0.0100493
0.00991488
0.00991321
0.0102637
0.00994658
0.00988007
0.0100605
0.00993991
0.0102267
0.00983
0.00994563
0.0102668
0.00977349
0.0102334
0.00979137
0.0100262
0.010118
0.00981498
0.0101712
0.00992799
0.0151601
0.00502157
0.00987697
0.0098598
0.0368223
0.00144362
0.00126958
0.043499
0.00144291
0.00123358
0.00202966
0.00122976
0.00150514
0.00953245
0.0101781
0.00971675
0.0101123
0.00991678
0.0100496
0.00995374
0.0100777
0.0101624
0.0099256
0.0100737
0.00998163
0.00979805
0.0100625
0.00995278
0.0100396
0.00994349
0.0100882
0.0103066
0.00971127
0.00997066
0.0100667
0.00999069
0.00989532
0.00996971
0.0101359
0.010016
0.00996137
0.0102992
0.00981879
0.0104918
0.00930834
0.010011
0.0103612
0.00992513
0.00978303
0.00989938
0.010047
0.0102024
0.0100091
0.0101936
0.0096724
0.0113394
0.00909948
0.00971866
0.00977516
0.00997591
0.0102117
0.00975251
0.0103114
0.00993562
0.00979805
0.01002
0.0100489
0.00996137
0.0101213
0.00997066
0.010015
0.00989985
0.0100713
0.00995111
0.0100064
0.0107577
0.00981808
0.00984287
0.00958061
0.0099113
0.0100873
0.00989366
0.0100415
0.00997543
0.00996208
0.0100365
0.0099709
0.0100443
0.0100331
0.00997519
0.01033
0.0097115
0.0101612
0.00991225
0.00999188
0.0108528
0.00903893
0.0101161
0.0115964
0.00830364
0.0098865
0.00999784
0.0102491
0.00989008
0.00998783
0.00998735
0.00999641
0.00995588
0.0101449
0.00991392
0.00999117
0.0100088
0.0100532
0.00998616
0.0102472
0.0102544
0.00981498
0.00993609
0.0098207
0.00988293
0.0100024
0.0101211
0.00993514
0.0101001
0.00999808
0.00987339
0.0100386
0.0100794
0.0100226
0.0098033
0.0100012
0.0100067
0.0100765
0.0101986
0.00986052
0.00992703
0.00995421
0.00994301
0.0100894
0.0100698
0.00988936
0.0102472
0.00989199
0.00990868
0.0100074
0.00999689
0.00995755
0.010385
0.00961661
0.00996256
0.0100439
0.0100493
0.0101161
0.00985074
0.0100548
0.0101285
0.00978637
0.00989819
0.0101025
0.0100503
0.0100236
0.00974321
0.010112
0.0100496
0.0100074
0.00995207
0.0100362
0.0099647
0.0100443
0.0100324
0.0100362
0.00995684
0.0102184
0.00988507
0.00998068
0.0100181
0.0101638
0.009655
0.0099535
0.0145979
0.00549722
0.0100467
0.00997901
0.0103889
0.0096302
0.00988007
0.010066
0.00995946
0.0100424
0.00995564
0.010057
0.0100114
0.010015
0.0100279
0.0099535
0.00995636
0.0100791
0.011956
0.00795841
0.0102494
0.00972104
0.0100293
0.0102592
0.00976562
0.0100257
0.00997376
0.00997877
0.0490251
0.00149488
0.0012331
0.00213599
0.00136089
0.00476146
0.0100231
0.0100729
0.0102489
0.0100193
0.0100727
0.009624
0.00996161
0.0101509
0.00992751
0.00995588
0.0100186
0.00998092
0.00985909
0.0101123
0.00998974
0.0100508
0.0101531
0.0102482
0.00980258
0.00984979
0.00993752
0.0100415
0.00989532
0.0100136
0.00993323
0.0099926
0.0101087
0.00992632
0.0102916
0.00989413
0.00979686
0.010287
0.00977683
0.00999928
0.0099287
0.0100119
0.0102575
0.00971127
0.0102634
0.00991654
0.00986814
0.0100393
0.00998616
0.0100207
0.00997925
0.0101583
0.00988412
0.00989366
0.0103061
0.00984645
0.00993705
0.0101573
0.00980997
0.0100155
0.0100029
0.0100269
0.00992632
0.0101223
0.0100048
0.0101316
0.00979996
0.0101314
0.00989413
0.0099957
0.00996041
0.00995302
0.0100358
0.0101163
0.0100141
0.0100999
0.01015
0.0096972
0.0101907
0.00971246
0.0100584
0.0100317
0.00998235
0.00995827
0.0103514
0.00962281
0.010057
0.0100553
0.0100131
0.0101175
0.0119317
0.00791574
0.00993538
0.010035
0.0099535
0.0101619
0.0101762
0.00985694
0.00981498
0.0101674
0.00982428
0.0100811
0.0100193
0.00996757
0.0100236
0.0101309
0.00988483
0.0100472
0.00987506
0.0100853
0.00991845
0.0100434
0.00999355
0.0100603
0.0100291
0.00991964
0.00999618
0.0100374
0.0100236
0.00998449
0.0099442
0.0100553
0.0100279
0.0100484
0.0101111
0.00975323
0.00998688
0.0101731
0.00983596
0.0100019
0.00997353
0.0101187
0.0100656
0.00992036
0.0100987
0.009794
0.0100737
0.0100083
0.00996137
0.0100696
0.0103154
0.0100226
0.00962329
0.00982666
0.0101373
0.0100207
0.0100501
0.00998545
0.0102639
0.00969744
0.00993466
0.0101502
0.00982404
0.0100138
0.0102181
0.00986648
0.0101299
0.00985956
0.00994682
0.0101137
0.00985646
0.0104244
0.0097518
0.00993109
0.0100608
0.00987101
0.0101392
0.0100489
0.00974321
0.0100181
0.0102448
0.00979829
0.0100195
0.00999141
0.00997281
0.0100873
0.00993705
0.0100589
0.00995779
0.0100029
0.00991893
0.0100713
0.0101783
0.00984859
0.0102825
0.00980163
0.0103934
0.00961232
0.00997782
0.0122871
0.00760293
0.010004
0.0100954
0.0100391
0.00994539
0.00990582
0.0312169
0.00136256
0.0012219
0.0270991
0.00129056
0.0012424
0.0380948
0.00212836
0.00127554
0.00120234
0.0434184
0.00127745
0.00250316
0.00120568
0.038456
0.00142646
0.00124741
0.00205421
0.00124383
0.00147295
0.00955963
0.0104146
0.00955391
0.00998712
0.0100601
0.00998783
0.00998688
0.0100691
0.0101342
0.010025
0.0100257
0.00990915
0.00990033
0.0100732
0.00989342
0.00999713
0.00991631
0.0101078
0.00995111
0.00999928
0.0102615
0.00977349
0.00996423
0.00998688
0.00994372
0.0100403
0.0100162
0.0100765
0.00993657
0.0102735
0.00986052
0.00997019
0.012516
0.00737762
0.00987673
0.0101194
0.0104995
0.00952673
0.0100012
0.00996923
0.0101762
0.00994778
0.0098331
0.010088
0.00998998
0.0100162
0.00995255
0.0102079
0.00991344
0.0101094
0.00980568
0.010309
0.0101893
0.00989485
0.00988531
0.0098145
0.00989223
0.0100858
0.00958252
0.0100451
0.0100574
0.00999427
0.0100431
0.010287
0.00998902
0.00976419
0.0100145
0.0100465
0.00997806
0.010406
0.00980639
0.0101383
0.00969863
0.0101411
0.0120473
0.00780702
0.00995326
0.0101116
0.009969
0.0100343
0.00998855
0.0100522
0.00993037
0.0100398
0.00997019
0.00976706
0.0100067
0.0445151
0.00109506
0.00109649
0.00102329
0.00287628
0.00959539
0.0103295
0.00952697
0.0100634
0.0101252
0.010067
0.010215
0.00981092
0.00991869
0.00997567
0.0100288
0.00999713
0.00999808
0.00996757
0.00996947
0.0100641
0.0100162
0.0100343
0.00993109
0.0100231
0.0101426
0.00995064
0.00975823
0.0100577
0.010025
0.010139
0.00987697
0.0100718
0.0100942
0.0098455
0.0100262
0.010062
0.00995946
0.00993037
0.0100744
0.0100288
0.0101821
0.00986934
0.00991678
0.0100312
0.00994444
0.0101423
0.010278
0.00950789
0.010078
0.0100677
0.00985503
0.0101047
0.0102341
0.00981164
0.00991917
0.0100451
0.0099473
0.00986242
0.0101509
0.00986099
0.0101533
0.0101805
0.00990629
0.0100324
0.00987911
0.0101314
0.00988388
0.00997424
0.0100222
0.00997281
0.0101104
0.00987124
0.00993347
0.0101297
0.00999665
0.0100095
0.00999808
0.00994396
0.0100715
0.00994754
0.0102222
0.00992393
0.0099659
0.00995231
0.0100307
0.0100186
0.0120044
0.00791311
0.00999618
0.0100622
0.00995326
0.0101678
0.0106521
0.00921488
0.00993299
0.0100825
0.0100129
0.00995016
0.00993776
0.010097
0.0101619
0.00986457
0.00997353
0.010149
0.0101206
0.00968862
0.00994372
0.0101671
0.00988698
0.0100398
0.010087
0.00995398
0.00983834
0.0101185
0.0100596
0.00998425
0.00992417
0.010107
0.013844
0.00607014
0.0101573
0.00982428
0.0100472
0.0100498
0.00991821
0.0100257
0.0103137
0.00977349
0.0100689
0.00983453
0.0102267
0.00979328
0.0100255
0.00995374
0.0100327
0.00992417
0.0101998
0.00984669
0.00999832
0.0101459
0.00981903
0.0101125
0.00994396
0.00999093
0.00995278
0.00998211
0.0100124
0.0103321
0.00968313
0.00999355
0.00989437
0.0101159
0.0099206
0.0100226
0.00995064
0.0101094
0.0100589
0.00979781
0.00997329
0.0101993
0.0101905
0.00978518
0.0101085
0.00995445
0.00986958
0.00996041
0.0100348
0.0100062
0.00971651
0.0100145
0.010262
0.00971866
0.0100691
0.0100439
0.010114
0.00989962
0.00999427
0.0101154
0.0103798
0.00967145
0.0102556
0.00978851
0.0100493
0.00990629
0.0100052
0.010123
0.012099
0.00775862
0.0414515
0.0021801
0.00132298
0.00120831
0.00384855
0.010227
0.00984764
0.00996566
0.0100112
0.0100591
0.0100005
0.0100238
0.0101664
0.00977755
0.00991702
0.0102668
0.00978374
0.0101004
0.00995326
0.00996542
0.0103097
0.00971484
0.0102193
0.00969934
0.0101802
0.0100443
0.0100095
0.0099082
0.0103321
0.00972009
0.00988436
0.0100298
0.0104344
0.00988603
0.00972342
0.00994802
0.00992823
0.0100629
0.010004
0.00997639
0.014353
0.00564504
0.0101762
0.00977302
0.0100777
0.0102153
0.00971413
0.00999475
0.0100226
0.0100548
0.00993347
0.0100908
0.0100904
0.00980282
0.0100112
0.0101209
0.0102744
0.0096488
0.0099287
0.0100112
0.0100131
0.0101514
0.0100541
0.00979424
0.00995302
0.0101004
0.00993323
0.00999594
0.00998592
0.0100002
0.00991416
0.0102265
0.0102494
0.00962448
0.01002
0.00999951
0.0100317
0.010042
0.00989437
0.0100126
0.00996327
0.0101402
0.0098834
0.00998712
0.0101254
0.00992489
0.0100756
0.00998735
0.00994444
0.00994515
0.0104649
0.0101233
0.0094502
0.010196
0.00982857
0.0100255
0.00994897
0.0100095
0.0100145
0.0100667
0.00991035
0.0100474
0.0101223
0.0101843
0.0096302
0.00999832
0.0488369
0.00191808
0.00226259
0.00136638
0.00160837
0.00404286
0.00998735
0.0100427
0.0107594
0.00947046
0.00967145
0.00999475
0.00993848
0.0100892
0.00997877
0.0100031
0.0103397
0.0120196
0.00782704
0.00978661
0.0100057
0.0100913
0.010262
0.00968051
0.0147073
0.00544095
0.0098114
0.0100126
0.0103049
0.00985098
0.00978017
0.0101862
0.0100334
0.00991082
0.0122945
0.00803256
0.00969386
0.0101471
0.0105066
0.00947762
0.00982046
0.00994349
0.0100114
0.0102181
0.00974011
0.0100644
0.0100639
0.0099349
0.010083
0.0101073
0.0101163
0.00970745
0.00997496
0.0099895
0.00994587
0.0100608
0.00998974
0.0101101
0.00995326
0.00994492
0.0101213
0.0100701
0.0102463
0.00985146
0.00971508
0.0109522
0.00918865
0.0103276
0.0101328
0.00962329
0.0105288
0.00939679
0.0101297
0.00975609
0.00996089
0.0101042
0.00983477
0.0101545
0.00984812
0.0100772
0.00997663
0.0100105
0.00993013
0.0101218
0.0149992
0.00493789
0.00999427
0.0099144
0.00982046
0.0100124
0.0112145
0.00882649
0.00995493
0.0100832
0.0100338
0.0100648
0.00997066
0.0102785
0.00987434
0.00998735
0.00997257
0.0100827
0.0105069
0.00947523
0.00996542
0.0102301
0.00975943
0.0102165
0.00976157
0.00995374
0.0101011
0.00996375
0.0100133
0.00997186
0.0155814
0.0044353
0.0101807
0.00998807
0.00985432
0.010051
0.0100346
0.00992894
0.0101933
0.00972819
0.0100234
0.0108063
0.00963092
0.00979471
0.0104716
0.00952101
0.00979781
0.010078
0.0100648
0.00995517
0.00991035
0.0192668
0.00149655
0.00933528
0.00993323
0.0099864
0.0100107
0.0100265
0.00993013
0.0100353
0.00993037
0.0101068
0.00994515
0.0102603
0.0102665
0.0095284
0.00998425
0.0100415
0.00991392
0.0100477
0.00999355
0.0100367
0.00993133
0.010113
0.00992322
0.0100396
0.00994611
0.0100496
0.0099113
0.0100226
0.0100336
0.0100403
0.00990486
0.0102217
0.00979853
0.0100701
0.0105655
0.00946212
0.00996137
0.00995898
0.0102415
0.00972724
0.00986099
0.0103192
0.00987172
0.0100036
0.00996161
0.010056
0.0100038
0.0102291
0.00974822
0.00990772
0.0103052
0.00988817
0.0101509
0.0098021
0.00993919
0.0101485
0.0121748
0.0485501
0.00164294
0.00207472
0.0012536
0.00120354
0.00299001
0.0100143
0.00998616
0.009974
0.0100038
0.0100176
0.0100017
0.0100071
0.00997066
0.0102174
0.00981045
0.0101156
0.00978971
0.0101223
0.0100291
0.00992608
0.00993466
0.010057
0.0102539
0.00974917
0.0100162
0.010457
0.00954151
0.0102699
0.0100632
0.00979543
0.00983524
0.0110247
0.00934958
0.00979638
0.0098846
0.0100529
0.0100484
0.00987053
0.0099678
0.0100198
0.0100067
0.010052
0.00991464
0.0101054
0.00994754
0.00998926
0.00998592
0.0100043
0.010016
0.0100503
0.0100355
0.0108314
0.00913978
0.0103498
0.0100598
0.00977993
0.0103798
0.00961947
0.0100884
0.0100055
0.00972199
0.010282
0.00981879
0.010118
0.010093
0.00961208
0.0102496
0.00987148
0.0104878
0.00967574
0.0096128
0.0106721
0.00964284
0.00995541
0.00979853
0.0100706
0.00991607
0.0102029
0.0098846
0.00992179
0.00999284
0.0100162
0.00996733
0.0100644
0.0102806
0.0097115
0.00995231
0.0100658
0.00996041
0.0100346
0.0101285
0.0116413
0.00838995
0.0100675
0.00989032
0.0106299
0.0093472
0.0100193
0.0121872
0.00777006
0.00991321
0.0100322
0.010227
0.00984788
0.00996995
0.0100045
0.00997496
0.0100501
0.00995779
0.00996494
0.00999308
0.0100281
0.0099833
0.0100884
0.00987172
0.0100763
0.0100331
0.00997496
0.00990534
0.0102034
0.00985456
0.00999784
0.0101063
0.00990582
0.00997281
0.0100167
0.00997996
0.00992537
0.010191
0.0098803
0.010097
0.0108323
0.00917816
0.0100861
0.0104017
0.00972247
0.0111532
0.00874043
0.010143
0.00985169
0.0143008
0.00550389
0.0100152
0.0100539
0.0101159
0.00989008
0.0100882
0.00989389
0.0103443
0.00960183
0.00998449
0.00996661
0.0100675
0.0102696
0.0100827
0.00972009
0.0117555
0.00824499
0.0103216
0.00987506
0.00982237
0.0100992
0.00979233
0.0100167
0.0100086
0.0100021
0.0101178
0.0098784
0.00994277
0.0100441
0.0104117
0.00959229
0.0100956
0.0100131
0.00988436
0.0100675
0.00987291
0.0100515
0.00993586
0.0100694
0.0143554
0.00568271
0.0102513
0.00971746
0.00997567
0.00996923
0.00996923
0.0100653
0.0103376
0.00965953
0.0100417
0.0100489
0.0101466
0.00988483
0.00998473
0.00991464
0.010042
0.0100119
0.0122237
0.0077095
0.0099709
0.0100493
0.0100417
0.0100691
0.00988889
0.00998688
0.00991535
0.0434849
0.00198388
0.00132346
0.00122643
0.00229216
0.00976729
0.0100884
0.00990176
0.0100322
0.00999093
0.0101233
0.00991869
0.0100515
0.00994182
0.0110428
0.00914288
0.0100207
0.010062
0.00974822
0.00994229
0.0100317
0.00992703
0.0099833
0.0100126
0.0100448
0.0100093
0.0100009
0.00993752
0.0100713
0.00996947
0.00999618
0.00997329
0.00998473
0.0145528
0.00551796
0.00989604
0.0100944
0.00995016
0.0101807
0.00977874
0.0100551
0.0100148
0.00996089
0.00990486
0.0101385
0.0101488
0.00989079
0.0104439
0.00949883
0.00996971
0.0103085
0.00972915
0.00985003
0.00999045
0.0102038
0.00988913
0.0100648
0.00998807
0.0101514
0.00981951
0.0100212
0.00997663
0.00987911
0.0103021
0.00998926
0.0099411
0.0101824
0.010082
0.00980592
0.00997186
0.0100036
0.00983047
0.00997043
0.0104163
0.0105748
0.00931716
0.00987267
0.010489
0.00945568
0.0100479
0.00993276
0.0099442
0.00998306
0.0146649
0.00533438
0.0104787
0.00964427
0.0102789
0.00978971
0.00993943
0.0100322
0.0121958
0.00773573
0.00996971
0.0100086
0.0100625
0.009974
0.0100241
0.00998306
0.00997424
0.0101259
0.00986457
0.0100253
0.0099988
0.010006
0.0100343
0.00996876
0.0100102
0.00996113
0.00996089
0.0100987
0.00992632
0.00999284
0.00999165
0.0100811
0.0100448
0.00996733
0.00987673
0.0103781
0.0097301
0.0100656
0.0100541
0.00985074
0.00995064
0.0100493
0.0101557
0.00984788
0.0101361
0.00993705
0.00982666
0.010078
0.00996327
0.0100574
0.0116982
0.00832152
0.00999856
0.0100257
0.0105195
0.0095973
0.00983381
0.0101867
0.0101471
0.00991893
0.00971389
0.0100515
0.00993776
0.0100489
0.010026
0.00996733
0.0104795
0.00952911
0.00996089
0.00996876
0.0100627
0.0100427
0.00987267
0.0101056
0.00989175
0.00993705
0.0100524
0.010057
0.00998926
0.0101111
0.00980091
0.0102298
0.00986838
0.0101008
0.009974
0.00998378
0.0100482
0.00997949
0.00987005
0.00995684
0.010088
0.0100269
0.00989914
0.010112
0.00997496
0.0100141
0.0100107
0.00993395
0.00992846
0.00997758
0.0146465
0.00546598
0.0100076
0.0100734
0.0100307
0.00994301
0.0103188
0.0097518
0.0121827
0.0077486
0.00993323
0.0101066
0.0527813
0.00146198
0.00123739
0.00125456
0.00120449
0.00206852
0.00998712
0.00996709
0.0100517
0.0100567
0.00985098
0.0101373
0.00992107
0.00999379
0.0099349
0.0101047
0.00992775
0.0100338
0.00998163
0.0100861
0.0102236
0.00983286
0.00994658
0.00991249
0.0100036
0.0101824
0.00982404
0.0100493
0.00996828
0.00996709
0.0100386
0.0100334
0.00992107
0.0101037
0.00982904
0.0100956
0.0100293
0.00994945
0.0100114
0.0100174
0.00996614
0.0101109
0.0100117
0.00981474
0.00991511
0.0099628
0.0104342
0.0095942
0.0100045
0.0101171
0.00992632
0.0101466
0.0102053
0.00973487
0.00995016
0.0105791
0.0094223
0.010077
0.0100133
0.0100036
0.00987434
0.00998592
0.00997257
0.0101259
0.00998497
0.010021
0.00998402
0.0100336
0.00994325
0.0101523
0.0101278
0.00992489
0.00989103
0.0100029
0.00990534
0.00989819
0.010107
0.00993395
0.0147896
0.00532961
0.00967288
0.0103016
0.00999999
0.0100131
0.00996804
0.0100243
0.00996852
0.0100648
0.00989676
0.010159
0.0102611
0.009691
0.010144
0.00982714
0.0100353
0.0123038
0.0077045
0.0100799
0.0101731
0.00998163
0.00973701
0.0101805
0.0105159
0.00929689
0.0100505
0.00996089
0.0100255
0.0102212
0.00981617
0.00994039
0.00997138
0.0101018
0.00993395
0.010134
0.00977802
0.0101109
0.00995231
0.0100257
0.00997329
0.0100145
0.0103977
0.00977349
0.0102408
0.00963545
0.00997949
0.0101407
0.009866
0.00998425
0.0161088
0.00374889
0.0103996
0.00967097
0.0100465
0.00999379
0.010025
0.00993991
0.0100033
0.00993085
0.00999856
0.0100846
0.0100017
0.0100234
0.0102773
0.00979447
0.00981402
0.0102544
0.00974822
0.0100851
0.0100455
0.0100687
0.0102596
0.00974083
0.00999308
0.00995398
0.0106292
0.00936747
0.00984454
0.0100963
0.00994754
0.0100801
0.00984645
0.0101776
0.00993037
0.0100262
0.0099833
0.00993228
0.0100026
0.0100198
0.0099082
0.0106421
0.00950623
0.0101111
0.00993562
0.0100443
0.0098207
0.0101526
0.00986028
0.0100753
0.00993252
0.0100842
0.00987148
0.0101011
0.00995278
0.0100539
0.0100234
0.00999284
0.0099628
0.00997901
0.0099771
0.0101185
0.0100219
0.0100062
0.00998688
0.00999427
0.00998235
0.0100961
0.0124173
0.00747991
0.0101185
0.00989008
0.0487735
0.00149703
0.00123954
0.0012548
0.00131655
0.0059247
0.0100386
0.0100408
0.00998688
0.00991726
0.0101969
0.00996327
0.0098474
0.0100396
0.00997829
0.0100808
0.00990725
0.0101838
0.00982928
0.0100229
0.0100431
0.0099349
0.00980616
0.0100694
0.00999546
0.0100317
0.00993776
0.0101058
0.0098722
0.0101612
0.0100899
0.0100076
0.00993443
0.0100403
0.00996494
0.0100241
0.00987625
0.00998902
0.0153692
0.00473452
0.0098722
0.00995541
0.0101612
0.00989962
0.0100033
0.00996828
0.0100765
0.0100009
0.0099051
0.0101187
0.00997114
0.0100725
0.0100303
0.00998378
0.0102768
0.0103343
0.00934744
0.00984335
0.010205
0.00999331
0.00985312
0.0101075
0.009902
0.010061
0.00999355
0.00997543
0.00994086
0.0100236
0.00998473
0.0101478
0.0100222
0.0100017
0.00987792
0.0100968
0.00984645
0.0100095
0.0100067
0.0100269
0.00993848
0.0101433
0.0100012
0.00989175
0.0100832
0.00999522
0.00987244
0.0100515
0.0100243
0.0100183
0.00994062
0.0101585
0.00998855
0.0102165
0.0098958
0.0100205
0.00981259
0.0101671
0.0122037
0.00769901
0.00989842
0.0100629
0.00995731
0.0100663
0.0102534
0.00975966
0.0100148
0.0102906
0.00999641
0.00966096
0.010076
0.00993419
0.010169
0.00986695
0.00999498
0.00997138
0.00996804
0.0101595
0.00987124
0.00999546
0.00989485
0.0100925
0.0103207
0.00972891
0.0100954
0.00992298
0.00993562
0.00996447
0.00995851
0.0100842
0.0100808
0.00992703
0.00994062
0.0101871
0.0100124
0.00996995
0.00982165
0.0100775
0.0100152
0.0100651
0.014535
0.00551438
0.0101917
0.00981426
0.0100031
0.0099833
0.00980663
0.0100334
0.00991845
0.0100191
0.00997663
0.0100257
0.00995064
0.0102372
0.0100625
0.00982785
0.00988007
0.0100491
0.0104885
0.00946951
0.015192
0.00480866
0.0101562
0.0100603
0.0101588
0.00994468
0.0101342
0.00962853
0.00996423
0.0099535
0.0101805
0.0102754
0.0095973
0.0100927
0.0104065
0.00975037
0.0106738
0.00900817
0.010046
0.0100596
0.01439
0.00563335
0.0101182
0.00986934
0.0100977
0.00995016
0.010051
0.00985837
0.0099988
0.0099721
0.0100489
0.0113084
0.00905061
0.010036
0.0101779
0.00958753
0.00987411
0.0101454
0.0134182
0.00675321
0.00962043
0.0104258
0.0097959
0.010097
0.0103722
0.00944066
0.0485437
0.00138545
0.00119472
0.00119925
0.00129795
0.00623822
0.0106556
0.00951385
0.0100272
0.00983381
0.0100675
0.0100749
0.0100334
0.00990462
0.0103369
0.0102165
0.0095253
0.00990915
0.00990963
0.0100543
0.0099442
0.0100157
0.0102818
0.00983214
0.00988317
0.00998139
0.00996971
0.0101514
0.0101271
0.00987434
0.00984621
0.0100703
0.0100558
0.0099268
0.0100942
0.0100174
0.00993443
0.0101006
0.00997353
0.00993204
0.0100362
0.00999498
0.00990796
0.0101635
0.00981975
0.010062
0.0100048
0.0101271
0.0101593
0.00973606
0.0105665
0.00938606
0.00995493
0.0100529
0.010067
0.00992012
0.0101376
0.0100052
0.0103288
0.00993371
0.0096848
0.010217
0.0100307
0.0100126
0.0096581
0.00998378
0.0102439
0.00991035
0.00996661
0.00995708
0.00984359
0.0102036
0.0102737
0.00978422
0.00984979
0.0100353
0.00987053
0.0100911
0.00991344
0.0100253
0.00997996
0.0100064
0.0110731
0.00926542
0.00975633
0.00987935
0.0101178
0.0099287
0.0100801
0.00971818
0.00993013
0.0100996
0.0100543
0.0100396
0.0111568
0.00879335
0.0100818
0.0100241
0.0105751
0.0271425
0.00121117
0.0419331
0.0014627
0.00123668
0.00124693
0.00196671
0.0034163
0.00996017
0.00993419
0.0100679
0.0103421
0.00956297
0.0101159
0.00995827
0.00989056
0.00998712
0.0101769
0.00989938
0.00994039
0.0100498
0.0100021
0.00990653
0.00995922
0.010112
0.0100012
0.0108836
0.0095861
0.00971365
0.0102854
0.00993943
0.0109425
0.00867653
0.00992823
0.0100524
0.00994301
0.0114014
0.00863433
0.0100131
0.0104284
0.00950694
0.00979853
0.0101576
0.0099926
0.00996017
0.0101283
0.00975585
0.0100067
0.0102904
0.00993943
0.010041
0.0101247
0.00982404
0.00995207
0.00992703
0.0100963
0.0100214
0.010005
0.0100913
0.0100994
0.0100818
0.00985146
0.00998569
0.0103366
0.0100369
0.00979877
0.0104101
0.00933266
0.0102453
0.00978088
0.0100758
0.00982761
0.0101185
0.00993037
0.0100591
0.00992775
0.010745
0.00910902
0.010839
0.00928974
0.0101628
0.00991058
0.0100205
0.00993323
0.0100365
0.0100937
0.0106032
0.00936222
0.010004
0.0101821
0.00991106
0.0101237
0.00986242
0.0103431
0.00952816
0.0169251
0.00306082
0.00997472
0.0101242
0.00991058
0.0100992
0.0485983
0.00146151
0.00125194
0.00100064
0.00107551
0.00650239
0.0100451
0.0100906
0.00994539
0.0101264
0.00975537
0.0100172
0.0100532
0.00998735
0.0103128
0.0096724
0.0101964
0.00991631
0.01004
0.0100386
0.00980639
0.00998211
0.0100164
0.0100939
0.00994992
0.010051
0.00992799
0.0100574
0.00998068
0.0100701
0.00994992
0.0100079
0.00993419
0.0100515
0.0100772
0.00990987
0.0101724
0.00984335
0.00998688
0.00999546
0.00999117
0.0100102
0.00994778
0.0100636
0.0121176
0.00787044
0.00995612
0.010148
0.0100009
0.0100582
0.0107176
0.00937319
0.0098474
0.00994515
0.00995374
0.00996447
0.00997829
0.0100784
0.00993896
0.00994849
0.0101538
0.00990701
0.0100224
0.0100317
0.0100465
0.00982642
0.0103829
0.00975704
0.00991154
0.010041
0.00989151
0.010319
0.00984812
0.0104377
0.0121765
0.00701809
0.0100029
0.00999045
0.010102
0.00984979
0.0099504
0.010112
0.00990081
0.0101037
0.0103858
0.00982022
0.0101602
0.00997734
0.0100508
0.00988793
0.00973368
0.0100198
0.0115595
0.00842476
0.0105104
0.0099504
0.00976825
0.00991845
0.0100391
0.0099802
0.0100958
0.00990772
0.00980616
0.010042
0.00995445
0.00998998
0.0100276
0.0100918
0.00991726
0.0100203
0.00997353
0.010035
0.00997162
0.0102034
0.00983143
0.00991583
0.0103276
0.00970268
0.0102227
0.00972915
0.00998497
0.0100567
0.00999856
0.0100429
0.0100186
0.010026
0.0100517
0.010184
0.0100579
0.00995922
0.00988698
0.0101397
0.00994778
0.00998664
0.0116367
0.00835872
0.0100112
0.00998759
0.0100515
0.00987267
0.00996399
0.0100029
0.01001
0.0100808
0.00998402
0.00993156
0.0103462
0.00972581
0.010071
0.00998211
0.0100374
0.0105209
0.00931358
0.0101235
0.00997114
0.0101902
0.00977468
0.0100789
0.0100324
0.00990963
0.00999904
0.00997019
0.0100219
0.00999928
0.0100131
0.0101392
0.0100803
0.00998449
0.00986052
0.00990844
0.0104842
0.00953293
0.00997901
0.0100317
0.00999022
0.00999928
0.0101078
0.00997543
0.010016
0.00996733
0.00997472
0.01002
0.0099566
0.0100121
0.0100069
0.0100875
0.00995755
0.0100868
0.0103824
0.0107129
0.00905395
0.00976658
0.0124512
0.00748825
0.00999665
0.00998688
0.00997305
0.0101838
0.010612
0.00942373
0.0100036
0.00983357
0.0104122
0.050319
0.00203347
0.0035367
0.00199223
0.00125885
0.00302315
0.00743079
0.0101292
0.00991607
0.00993896
0.0100968
0.00995469
0.00996923
0.0101476
0.010015
0.0101409
0.00976825
0.00994062
0.00992608
0.0103564
0.00979757
0.00994039
0.00994849
0.01001
0.0101254
0.00970745
0.0102179
0.010062
0.00986242
0.00998259
0.0101051
0.0121651
0.00781083
0.0101619
0.00982666
0.00998902
0.0101318
0.00988102
0.00993562
0.00996184
0.0101049
0.0098803
0.0100806
0.00997114
0.0100489
0.0100892
0.0100541
0.00988007
0.0099535
0.0106337
0.00938129
0.0098691
0.0100937
0.00991988
0.0101609
0.00997043
0.0100486
0.00985956
0.0100408
0.00997758
0.0100169
0.0099721
0.0100193
0.00998497
0.0101743
0.00981808
0.0100079
0.00990486
0.0100672
0.00998855
0.0100334
0.0103886
0.00963569
0.0100062
0.0100412
0.0099647
0.00998139
0.0101347
0.0098834
0.0101061
0.0100193
0.00992012
0.0101509
0.00981688
0.0100436
0.00991154
0.0100374
0.0100038
0.0100818
0.012444
0.0075438
0.00982165
0.0100033
0.0100331
0.0101349
0.0100067
0.00987005
0.0100245
0.0101402
0.0098412
0.0100253
0.00993848
0.0100873
0.00993085
0.0100985
0.00991726
0.0101402
0.00982785
0.0101175
0.00994062
0.00998878
0.0100119
0.00997663
0.0101154
0.00997782
0.00995827
0.0100422
0.00994825
0.0099678
0.0100815
0.00995827
0.0100253
0.00991869
0.0103738
0.00976944
0.0099318
0.0100267
0.00990558
0.00999403
0.00999093
0.0100369
0.0100303
0.0111213
0.00894737
0.00993657
0.00999165
0.0100396
0.00994658
0.0100136
0.00994301
0.0101027
0.00990272
0.0100281
0.00997519
0.0101392
0.00988507
0.010057
0.00992608
0.0105968
0.00944448
0.0100434
0.00993681
0.010046
0.00993156
0.0100083
0.0105238
0.0097065
0.00981832
0.0100834
0.0103769
0.00973296
0.00979567
0.010041
0.00989676
0.0102792
0.00990152
0.0100229
0.0099864
0.0099144
0.010509
0.0107446
0.00869608
0.011127
0.00908446
0.00978541
0.0105729
0.00952172
0.00990391
0.00997996
0.0100234
0.00996065
0.0103183
0.0106709
0.0093348
0.0100396
0.00984907
0.00991178
0.00999284
0.0100238
0.0458086
0.00145578
0.00126719
0.0019834
0.0350623
0.00131869
0.00125384
0.000996351
0.021219
0.00127721
0.0420859
0.00147891
0.00124097
0.00203729
0.00123405
0.00148439
0.00972176
0.0102117
0.0109887
0.00900316
0.00985503
0.0099287
0.0100281
0.0100048
0.0101182
0.00985813
0.00998187
0.0103257
0.0097661
0.00991488
0.00999475
0.0100379
0.0100267
0.00995183
0.0101047
0.0100751
0.00993299
0.00996947
0.0108724
0.00908303
0.00996852
0.00999641
0.0147152
0.0052669
0.0100839
0.00994849
0.0100219
0.00997591
0.00992227
0.0100272
0.00994229
0.0100145
0.0139337
0.00618529
0.00992942
0.0101745
0.00993681
0.0101111
0.00987434
0.0097003
0.00997686
0.0109015
0.0123632
0.00695658
0.00998354
0.010021
0.00992918
0.0100839
0.0101287
0.00987005
0.00998902
0.0100155
0.010057
0.0105393
0.00939178
0.0102339
0.01021
0.00956774
0.0111809
0.00878477
0.00996423
0.00999546
0.0100741
0.00999141
0.010191
0.00987339
0.00976706
0.0103862
0.00971365
0.0100162
0.0101867
0.00974512
0.00995517
0.00991607
0.0101717
0.0101027
0.0100214
0.00982857
0.00991917
0.0100873
0.0112078
0.00869417
0.0100474
0.0099926
0.0100136
0.0100849
0.0100267
0.0100033
0.0485001
0.000996113
0.0018301
0.000785351
0.00168443
0.00783515
0.00997233
0.0102656
0.00991344
0.0101161
0.00985098
0.0100913
0.00990534
0.0100665
0.00991702
0.0100386
0.0100787
0.0100605
0.00987172
0.0100036
0.0100923
0.00985169
0.0100226
0.00999403
0.0137126
0.0062995
0.0100653
0.0100441
0.00994253
0.0100505
0.0098865
0.00994301
0.00988007
0.0100589
0.0108068
0.00923276
0.01004
0.0100594
0.00996542
0.0100787
0.0100536
0.00994945
0.00999212
0.0101008
0.0098927
0.0104642
0.00953841
0.010359
0.00959969
0.010114
0.00990725
0.0101519
0.0103512
0.00948095
0.0137835
0.00630617
0.00993133
0.0102208
0.00991464
0.00991845
0.0100009
0.0099895
0.00988245
0.0100286
0.0176759
0.00336385
0.00890946
0.0101876
0.0105073
0.00954485
0.0104609
0.00952029
0.0101702
0.0103507
0.00929451
0.0101306
0.00990105
0.0102777
0.0103588
0.00945449
0.0100381
0.0100224
0.00998807
0.00996304
0.0100045
0.0101178
0.0101764
0.00980258
0.0102789
0.0100014
0.00971103
0.0099802
0.0126252
0.00739169
0.00990295
0.0100498
0.0100162
0.0100517
0.0101278
0.00991392
0.00986505
0.0241032
0.00127292
0.0426321
0.0013752
0.00208855
0.00123978
0.00134897
0.00598478
0.00995207
0.00994658
0.0101483
0.0100276
0.0101047
0.00978565
0.0100145
0.010345
0.00959206
0.00997186
0.010148
0.00987339
0.0100474
0.00997996
0.0100012
0.010041
0.00994539
0.0100112
0.0102346
0.00976825
0.0101104
0.00989032
0.0100186
0.0100045
0.00994229
0.0101507
0.00996161
0.00987554
0.0100906
0.0102808
0.0096643
0.0100048
0.0100219
0.00999284
0.0100267
0.0099895
0.00998139
0.0102282
0.0100918
0.00977755
0.0101287
0.00994015
0.0152037
0.0101364
0.00906134
0.00531936
0.0101635
0.0100915
0.00996494
0.0101092
0.0098896
0.0100143
0.00993729
0.00997758
0.0100565
0.0100462
0.00988126
0.0102367
0.00993752
0.0100849
0.0098381
0.00995588
0.00994992
0.010021
0.0100033
0.014761
0.00523114
0.0102048
0.00990176
0.0099566
0.00998473
0.0101962
0.009799
0.0103991
0.00967169
0.0128233
0.00830197
0.00887179
0.0102117
0.00978208
0.00992012
0.0110371
0.00896478
0.0099237
0.0100868
0.00991058
0.0100183
0.0100596
0.010047
0.0100143
0.00993919
0.0126724
0.00729346
0.00998592
0.010026
0.0487118
0.00234246
0.00130105
0.0012002
0.00135398
0.00509691
0.0099237
0.0101109
0.00999355
0.0100009
0.010016
0.00993323
0.0102866
0.00981498
0.0100553
0.00989556
0.009938
0.0100088
0.0100207
0.00999331
0.00990033
0.010057
0.0099287
0.0101678
0.00988817
0.0100286
0.00988078
0.0101237
0.0100033
0.00994182
0.0099411
0.0101309
0.00997233
0.0100346
0.0100543
0.01002
0.00988102
0.0100412
0.0103135
0.00965166
0.0103776
0.0104532
0.00967598
0.00967383
0.0104227
0.00954843
0.0118423
0.00794363
0.0100496
0.0100224
0.00996327
0.0109992
0.00896573
0.0100677
0.00998855
0.0101509
0.00980067
0.0101426
0.00986433
0.0100064
0.00998569
0.0100441
0.0100083
0.0101578
0.00986934
0.0100248
0.0099957
0.00995994
0.00998116
0.00999379
0.0100918
0.00993562
0.00998116
0.00996327
0.00999093
0.0100553
0.0101371
0.0098207
0.0100143
0.0100389
0.0100219
0.0103242
0.00972462
0.0100186
0.0100019
0.00998068
0.0100005
0.0100319
0.0123312
0.00764513
0.0102241
0.00969028
0.0100408
0.010021
0.00993276
0.0100799
0.0268111
0.00155711
0.0411508
0.00131011
0.00154734
0.00198317
0.00143695
0.004179
0.0100079
0.00999141
0.0099194
0.0101404
0.0100846
0.00983381
0.0100121
0.0101249
0.00986719
0.0100181
0.00992107
0.0110831
0.00897193
0.0102122
0.0102518
0.00986791
0.00954294
0.0100818
0.0101612
0.00987124
0.00999689
0.0100353
0.00993061
0.00996852
0.0100393
0.010011
0.0100231
0.00996256
0.00999522
0.010221
0.0100009
0.00983977
0.00993586
0.0100667
0.00987649
0.0101614
0.0140636
0.00606418
0.0100749
0.00977969
0.00996995
0.0100873
0.00996733
0.00995946
0.00995135
0.0100677
0.0143235
0.00560808
0.0100589
0.0100613
0.00992775
0.0100186
0.00997758
0.0100193
0.00992346
0.0102332
0.0142307
0.00560641
0.00998878
0.0101674
0.00981188
0.010031
0.0100183
0.0100532
0.0100255
0.00986767
0.0112588
0.00865626
0.0100391
0.0101578
0.00994658
0.0100071
0.00999093
0.0100498
0.00993466
0.0100362
0.0101216
0.0101645
0.0097487
0.0100234
0.00984836
0.010107
0.0105329
0.00962806
0.00980425
0.009938
0.0099411
0.0100968
0.00996089
0.0100434
0.0103061
0.00973725
0.0125048
0.00755668
0.0452197
0.0013268
0.0012691
0.00199366
0.00149274
0.00866318
0.00993347
0.01004
0.00998759
0.0101774
0.00971198
0.0101032
0.0142791
0.00564694
0.0102272
0.00985742
0.0101938
0.00979948
0.00988054
0.0100646
0.0101655
0.00985956
0.0100234
0.00986433
0.0101821
0.00994372
0.00992417
0.0100069
0.0100431
0.0102644
0.00978732
0.00991797
0.0144389
0.00632334
0.00918198
0.0100694
0.0103574
0.00956488
0.0100646
0.0100291
0.00997043
0.0100064
0.0143971
0.00560045
0.0100734
0.0102005
0.00984359
0.00994754
0.0103743
0.00962615
0.00993514
0.0105233
0.00956869
0.011003
0.00891161
0.0101316
0.0104227
0.00978065
0.00994658
0.00988984
0.00995421
0.00993657
0.013613
0.00632858
0.0100143
0.0101633
0.0098393
0.0100563
0.00997925
0.0100152
0.00997949
0.0100269
0.0100234
0.0107992
0.00928211
0.0100529
0.0097909
0.00994778
0.0100653
0.0100336
0.0103242
0.00962448
0.0100601
0.0102322
0.00967455
0.0100193
0.0101717
0.00985694
0.00998402
0.0101409
0.0106828
0.00924492
0.00996923
0.0121896
0.00791264
0.0100868
0.0101759
0.0101485
0.00960827
0.0132625
0.00691056
0.00969839
0.00989532
0.0100124
0.00999498
0.0100918
0.00997901
0.0103407
0.00969219
