-1.46896,0.313338,0
-1.26669,0.158395,0
-1.07012,0.000268424,0
-0.879444,-0.160477,0
-0.694028,-0.323759,0
-0.514918,-0.489396,0
-0.338962,-0.654491,0
-0.162471,-0.816614,0
0.0129581,-0.973257,0
0.186232,-1.12279,0
0.357148,-1.26615,0
0.527295,-1.40647,0
0.691861,-1.54657,0
0.850496,-1.68927,0
1.00804,-1.83074,0
1.16439,-1.97261,0
1.31915,-2.11521,0
1.47289,-2.25565,0
1.62289,-2.3965,0
1.77255,-2.53815,0
1.92477,-2.67855,0
2.07681,-2.81774,0
2.2295,-2.9569,0
2.38244,-3.09737,0
2.53523,-3.24064,0
2.6891,-3.38516,0
2.84556,-3.53187,0
3.00224,-3.6808,0
3.15996,-3.83185,0
3.3171,-3.98398,0
3.47523,-4.13674,0
3.63321,-4.29096,0
3.78678,-4.44841,0
3.94011,-4.60955,0
4.0922,-4.77555,0
4.24299,-4.9444,0
4.39516,-5.1123,0
4.54864,-5.27637,0
4.70065,-5.43565,0
4.84935,-5.58858,0
4.99246,-5.73644,0
5.1311,-5.87932,0
5.26172,-6.02158,0
5.38554,-6.16064,0
5.50788,-6.29879,0
5.62953,-6.43859,0
5.75068,-6.58043,0
5.87633,-6.72643,0
6.00069,-6.87384,0
6.12661,-7.02226,0
6.2557,-7.17013,0
6.38901,-7.31425,0
6.52454,-7.45399,0
6.66138,-7.59163,0
6.79597,-7.73731,0
6.92979,-7.88362,0
7.05853,-8.03603,0
7.19326,-8.18709,0
7.3302,-8.33854,0
7.47144,-8.48993,0
7.61531,-8.63979,0
7.75962,-8.78953,0
7.90138,-8.94273,0
8.03971,-9.10168,0
8.17301,-9.26732,0
8.30862,-9.43505,0
8.44662,-9.6045,0
8.58774,-9.7747,0
8.73335,-9.94352,0
8.88156,-10.1124,0
9.03346,-10.2782,0
9.18667,-10.4483,0
9.34078,-10.6207,0
9.49949,-10.7949,0
9.65957,-10.9693,0
9.82386,-11.1445,0
9.98695,-11.3219,0
10.1462,-11.5017,0
10.3061,-11.6844,0
10.4683,-11.8722,0
10.6321,-12.0627,0
10.7986,-12.2585,0
10.9719,-12.456,0
11.1493,-12.6525,0
11.3246,-12.8555,0
11.4987,-13.0651,0
11.6741,-13.2804,0
11.848,-13.5039,0
12.0244,-13.7305,0
12.2077,-13.957,0
12.3928,-14.1859,0
12.5784,-14.4174,0
12.7741,-14.6499,0
12.9732,-14.8864,0
13.1731,-15.1291,0
13.3745,-15.3746,0
13.5735,-15.627,0
13.7744,-15.8819,0
13.9848,-16.1363,0
14.1934,-16.397,0
14.4056,-16.6602,0
14.6206,-16.9294,0
14.8408,-17.2025,0
15.0662,-17.4752,0
15.2922,-17.7522,0
15.5204,-18.0336,0
15.7537,-18.318,0
15.9901,-18.6046,0
16.2274,-18.8906,0
16.4674,-19.1746,0
16.7109,-19.4545,0
16.9547,-19.7328,0
17.199,-20.0088,0
17.4388,-20.2877,0
17.6766,-20.5672,0
17.9134,-20.8483,0
18.1539,-21.1298,0
18.3884,-21.4173,0
18.6196,-21.7067,0
18.8478,-21.9982,0
19.077,-22.2871,0
19.3067,-22.5772,0
19.539,-22.8611,0
19.7693,-23.1453,0
20,-23.4285,0
20.2314,-23.7109,0
20.4552,-23.9974,0
20.6795,-24.2847,0
20.9034,-24.5743,0
21.127,-24.8635,0
21.3486,-25.1522,0
21.5609,-25.4432,0
21.7741,-25.7287,0
21.9847,-26.0175,0
22.1938,-26.3052,0
22.3975,-26.5921,0
22.5961,-26.8803,0
22.7987,-27.1669,0
22.998,-27.4521,0
23.1943,-27.7339,0
23.3929,-28.0122,0
23.5918,-28.2909,0
23.7926,-28.5676,0
23.9942,-28.8438,0
24.1965,-29.1188,0
24.3996,-29.3924,0
24.6006,-29.6662,0
24.8004,-29.9415,0
24.9992,-30.2159,0
25.198,-30.4917,0
25.3983,-30.7675,0
25.601,-31.0455,0
25.8044,-31.3213,0
26.0038,-31.598,0
26.2054,-31.8755,0
26.406,-32.1566,0
26.6107,-32.4365,0
26.8227,-32.7161,0
27.0356,-32.9967,0
27.2509,-33.277,0
27.4666,-33.5573,0
27.6814,-33.8382,0
27.8983,-34.117,0
28.1155,-34.3986,0
28.3333,-34.6838,0
28.5557,-34.9665,0
28.7751,-35.2507,0
28.9959,-35.5328,0
29.2178,-35.8152,0
29.4402,-36.101,0
29.669,-36.3863,0
29.896,-36.6748,0
30.1233,-36.9681,0
30.3531,-37.259,0
30.5789,-37.5525,0
30.8085,-37.8421,0
31.0407,-38.1337,0
31.2736,-38.429,0
31.5089,-38.7234,0
31.7428,-39.0194,0
31.9761,-39.3152,0
32.2107,-39.6113,0
32.4475,-39.9034,0
32.6849,-40.1966,0
32.9191,-40.4957,0
33.1525,-40.7963,0
33.3873,-41.0946,0
33.6276,-41.3841,0
33.8705,-41.6698,0
34.1132,-41.9561,0
34.3544,-42.2424,0
34.592,-42.532,0
34.8316,-42.8251,0
35.0718,-43.119,0
35.3142,-43.4125,0
35.558,-43.7076,0
35.8009,-44.0052,0
36.0426,-44.3026,0
36.2905,-44.5936,0
36.5368,-44.8833,0
36.7855,-45.1737,0
37.0278,-45.4648,0
37.2651,-45.7598,0
37.5026,-46.0485,0
37.7393,-46.338,0
37.9798,-46.6215,0
38.2209,-46.9019,0
38.4598,-47.1845,0
38.6985,-47.4681,0
38.9355,-47.7525,0
39.1721,-48.0327,0
39.4103,-48.3087,0
39.6489,-48.5809,0
39.8858,-48.8552,0
40.1243,-49.1297,0
40.363,-49.4033,0
40.6036,-49.6721,0
40.8465,-49.9375,0
41.0908,-50.1979,0
41.3299,-50.4594,0
41.566,-50.7255,0
41.7991,-50.9965,0
42.0279,-51.2684,0
42.2576,-51.5355,0
42.4918,-51.7968,0
42.73,-52.0548,0
42.9744,-52.3085,0
43.2164,-52.5628,0
43.4548,-52.8207,0
43.6918,-53.0802,0
43.9304,-53.3371,0
44.1707,-53.5907,0
44.4093,-53.844,0
44.6506,-54.0956,0
44.8906,-54.3498,0
45.1267,-54.6074,0
45.3629,-54.8635,0
45.6025,-55.118,0
45.8465,-55.3675,0
46.0955,-55.6152,0
46.3405,-55.8647,0
46.5838,-56.1149,0
46.8257,-56.367,0
47.0655,-56.6184,0
47.3077,-56.8673,0
47.5498,-57.1126,0
47.7926,-57.3565,0
48.0362,-57.5996,0
48.277,-57.8446,0
48.5153,-58.0916,0
48.7496,-58.3402,0
48.9846,-58.5893,0
49.2227,-58.8366,0
49.4621,-59.0835,0
49.7018,-59.3295,0
49.9438,-59.5727,0
50.1869,-59.8147,0
50.4326,-60.0519,0
50.6777,-60.2853,0
50.9227,-60.5148,0
51.1676,-60.7426,0
51.4144,-60.9668,0
51.6596,-61.1894,0
51.9055,-61.4102,0
52.1537,-61.6284,0
52.4047,-61.8436,0
52.6596,-62.055,0
52.9186,-62.263,0
53.1806,-62.4676,0
53.4468,-62.6673,0
53.7166,-62.8603,0
53.9891,-63.0469,0
54.2599,-63.2294,0
54.5311,-63.4089,0
54.8038,-63.5852,0
55.0755,-63.7581,0
55.3468,-63.9276,0
55.6158,-64.0971,0
55.8862,-64.2639,0
56.1573,-64.4271,0
56.4293,-64.5861,0
56.7033,-64.7403,0
56.9793,-64.891,0
57.2568,-65.035,0
57.5359,-65.1741,0
57.8148,-65.3086,0
58.0938,-65.4409,0
58.3758,-65.5712,0
58.6571,-65.6985,0
58.9375,-65.8198,0
59.2174,-65.9369,0
59.4958,-66.0517,0
59.771,-66.1611,0
60.044,-66.2681,0
60.3165,-66.3709,0
60.5891,-66.4716,0
60.8601,-66.5715,0
61.1288,-66.6732,0
61.3972,-66.7753,0
61.6649,-66.876,0
61.9326,-66.9748,0
62.1988,-67.0721,0
62.4654,-67.1636,0
62.7321,-67.251,0
62.9988,-67.3352,0
63.2648,-67.4152,0
63.5303,-67.4914,0
63.7944,-67.5637,0
64.0567,-67.6344,0
64.3177,-67.7038,0
64.5755,-67.7733,0
64.8309,-67.8428,0
65.0849,-67.9099,0
65.3368,-67.9736,0
65.5869,-68.0325,0
65.8354,-68.0878,0
66.0817,-68.141,0
66.3263,-68.1908,0
66.5692,-68.237,0
66.8099,-68.284,0
67.0499,-68.325,0
67.2879,-68.3644,0
67.5256,-68.3987,0
67.7616,-68.4286,0
67.9968,-68.4564,0
68.2299,-68.4841,0
68.4625,-68.5116,0
68.6939,-68.539,0
68.9242,-68.5669,0
69.1537,-68.595,0
69.383,-68.6225,0
69.6117,-68.6505,0
69.84,-68.6799,0
70.0685,-68.7113,0
70.2973,-68.7454,0
70.5272,-68.7796,0
70.7568,-68.8175,0
70.9897,-68.8575,0
71.2243,-68.8971,0
71.462,-68.9367,0
71.7016,-68.9727,0
71.9434,-69.0079,0
72.1872,-69.0429,0
72.4327,-69.0808,0
72.6794,-69.1189,0
72.9271,-69.1581,0
73.1746,-69.1949,0
73.4226,-69.2316,0
73.6706,-69.2658,0
73.9191,-69.3005,0
74.1687,-69.3355,0
74.419,-69.3678,0
74.6705,-69.4012,0
74.9225,-69.4325,0
75.1754,-69.4643,0
75.4287,-69.498,0
75.6839,-69.5303,0
75.9406,-69.5621,0
76.1984,-69.5917,0
76.4569,-69.6202,0
76.7163,-69.6474,0
76.9765,-69.6716,0
77.2366,-69.6981,0
77.498,-69.7236,0
77.7611,-69.7493,0
78.0258,-69.7734,0
78.2925,-69.7975,0
78.5609,-69.823,0
78.8335,-69.8495,0
79.1098,-69.8775,0
79.3899,-69.9082,0
79.674,-69.9428,0
79.9624,-69.9814,0
80.2545,-70.024,0
80.5494,-70.0709,0
80.8477,-70.1177,0
81.1471,-70.166,0
81.4492,-70.2125,0
81.7522,-70.2586,0
82.056,-70.3053,0
82.3598,-70.3535,0
82.6635,-70.4036,0
82.9672,-70.4562,0
83.2717,-70.5075,0
83.5772,-70.5592,0
83.8847,-70.6101,0
84.1938,-70.6606,0
84.5055,-70.7155,0
84.8193,-70.7699,0
85.1335,-70.8268,0
85.4488,-70.8849,0
85.7636,-70.942,0
86.077,-70.9972,0
86.3906,-71.0501,0
86.704,-71.1025,0
87.0176,-71.1575,0
87.3317,-71.2127,0
87.6443,-71.2697,0
87.9579,-71.3253,0
88.2727,-71.377,0
88.5873,-71.4251,0
88.9027,-71.4682,0
89.2196,-71.5077,0
89.5369,-71.5452,0
89.8552,-71.5808,0
90.1743,-71.6155,0
90.4947,-71.6492,0
90.8166,-71.6817,0
91.1394,-71.7098,0
91.4627,-71.7322,0
91.7881,-71.7501,0
92.1131,-71.7666,0
92.4386,-71.7825,0
92.7652,-71.7944,0
93.0914,-71.802,0
93.4179,-71.8031,0
93.743,-71.7992,0
94.0674,-71.7925,0
94.3916,-71.7821,0
94.7144,-71.7701,0
95.0366,-71.7537,0
95.3591,-71.7372,0
95.6827,-71.718,0
96.0073,-71.7012,0
96.3327,-71.6855,0
96.6598,-71.6702,0
96.9878,-71.656,0
97.3181,-71.6413,0
97.6504,-71.6199,0
97.9827,-71.5952,0
98.3152,-71.5668,0
98.6477,-71.539,0
98.9802,-71.5068,0
99.3141,-71.4741,0
99.6473,-71.4448,0
99.9813,-71.4158,0
100.315,-71.3881,0
100.647,-71.3602,0
100.978,-71.328,0
101.307,-71.2969,0
101.636,-71.2609,0
101.965,-71.2207,0
102.294,-71.1738,0
102.621,-71.1194,0
102.948,-71.0613,0
103.276,-70.998,0
103.604,-70.9331,0
103.932,-70.8675,0
104.26,-70.8013,0
104.587,-70.7348,0
104.914,-70.6645,0
105.24,-70.5933,0
105.564,-70.518,0
105.887,-70.441,0
106.21,-70.3649,0
106.532,-70.2852,0
106.854,-70.2061,0
107.175,-70.1247,0
107.495,-70.0393,0
107.815,-69.949,0
108.133,-69.8528,0
108.452,-69.7576,0
108.771,-69.6633,0
109.091,-69.5708,0
109.411,-69.4778,0
109.732,-69.3841,0
110.052,-69.2887,0
110.372,-69.1945,0
110.693,-69.0984,0
111.015,-69.0006,0
111.337,-68.9029,0
111.66,-68.8029,0
111.984,-68.6994,0
112.308,-68.5947,0
112.632,-68.4892,0
112.954,-68.3835,0
113.276,-68.278,0
113.596,-68.1742,0
113.915,-68.0732,0
114.232,-67.9739,0
114.548,-67.8749,0
114.861,-67.7752,0
115.171,-67.6732,0
115.478,-67.5716,0
115.783,-67.4698,0
116.086,-67.3685,0
116.389,-67.2702,0
116.692,-67.1733,0
116.994,-67.0785,0
117.295,-66.9853,0
117.595,-66.8927,0
117.892,-66.7989,0
118.188,-66.7071,0
118.482,-66.6139,0
118.778,-66.5211,0
119.077,-66.4285,0
119.376,-66.337,0
119.676,-66.2441,0
119.978,-66.1497,0
120.282,-66.0559,0
120.586,-65.9607,0
120.894,-65.867,0
121.206,-65.7761,0
121.522,-65.6873,0
121.84,-65.601,0
122.161,-65.5145,0
122.483,-65.4244,0
122.809,-65.3316,0
123.135,-65.2374,0
123.464,-65.1438,0
123.796,-65.0482,0
124.133,-64.9537,0
124.473,-64.8611,0
124.816,-64.7677,0
125.162,-64.6764,0
125.509,-64.5849,0
125.859,-64.493,0
126.212,-64.3986,0
126.567,-64.303,0
126.927,-64.2052,0
127.292,-64.1116,0
127.659,-64.02,0
128.03,-63.9333,0
128.405,-63.8452,0
